# Zpids to exclude from review list (already reviewed)
# One zpid per line, add more as needed
2056447435
441744314
2076096644
454906499
341986236
2090248415
459806034
2092860909
456207098
446462527
430931866
104425174
2076893442
2121698321
452122425
2106677157
453249996
460369046
452144438
452794043
460699861
459463776
455883020
460844889
123061057
341949875
347638737

2123947089
441772239
199849083
459713791
455979003
446076369
458296720
457743814
460416255
343667210
2108318676
2061433468
2064543220
452026732
233560415
295551888
262286688
2062353460
459143173
2091432305
456397612
2077712196
6432850
460874602
2055680956
460832134
460844890
460585478
460270889
2086110188
460243757
460174844
460164026
109954141
2077934639

80493240
347612522
460710214
460942128
460927116

449979666
2105516018
450135516
450134199
447769559
2065413277
460970158
460976881
460947311
89004490
5670154
78285030
460940584
445801654
2114528611
2074083090
2114872579
2065852869
460890469
2089817561
431404591
2059482450
460740937
2093543258
458735308
2055633743
2060822437
460514589
102439219
218806407
2106671956
444624786
460453944
339893220
74997167
458182762
445812624
2072042550
459889198
352653453
50098305
2107353917
455850957
250370238
459688287
2053124724
460697454
450488460
2074658290
459675152

60143742
87920198
51555448
250108899
459649647
223649263
443444017
450366587
2059078197
75029113
452694164
455883230
450055148
247520622
2094825148
458701731
2053972431
460890463
459324771
458967266
447362683
449384682
449380341
2074741300
103764414
251794966
2076664662
457676337
457528845
71904771
460697486
459320563
338494596
456427028
2074702960
446098531
458657121
453288853
450864348
2099850392
443997676
458478624
2113643645
460699493
2113546296
2063933871
447573413
2101824022
70953358
461007898

2129173028
460728509
460697781
316607459
2081412391
2057282179

460957085
460052311
2057772966
459801377
344723148
452945685
2103677125
448035966
2058795592
461101934
458727900
458727730
460273222
460675731
461348121
450370256
449985426
344771182
328471097
2096554003
343707327
2085172852
458096688
458095343
457212375
2103543242
2107075174
459950819
461339864
2075631209
459977749
460361423
455055466
2055205447
2077168617
460029224
433398883
459831294
2088886685
460199134
459748505
459933292
460336760
442963925
459632563
2054186235
2067147099
2094539388
448463471
2052973868
451005834
215463417
452112775
450155459
2078623750
70212226
366551246
350349004
221793978
457603163
458034375
448482355
2075565341
449360329
457992451
67580011
460808949
457991368
221793666
2076151025
2096916687
444617096
458487841
459104897
113334208
458661877
459222494
120411100
461379444
2077505406
460304171
453863553
455921616
2076036133
348438541
2063310640
457438794
49961973
455055342
454276089
110661958
460523753
2076761530
454280685
456641510
459956854
459897476
80509438
2110322548
455631894
455022802
2107409087
456685864
450674340
2080552029
459740132
459740841
215461571
2070947515
2061762343
456758615
2105973303
350454192
350458056
2054297248
2110426022
458801476
458531373
456181783
457292282
458800964
352053969
458543624
2053633692
455055390
455055511
459879942
457292283
457722696
448852282
2102702866
